X,Y,Tangent X,Tangent Y,Fixed Theta,Name
3.1,-2.3,0.0,0.25,true,
3.139010635462718,-1.552501836876129,0.13,0.3,true,
3.5347633815865307,-1.0701781775377333,0.3,0.2,true,
4.623083433427014,-0.7609963446285054,0.25,0.0,true,
5.9463816782785095,-0.7115272513630291,0.3,0.0,true,
7.022334456802622,-0.6867927047302906,0.28444728627649063,0.16077455311279854,true,
7.319149016395482,-0.37761087182106273,0.23172738309921675,0.07767211287572069,false,
7.7025344892029235,-0.41471269177017,0.11130545984732265,-0.11130545984732221,true,
8.011716322112152,-0.5383854249338612,0.04946909326547555,-0.1236727331636912,true,
8.135389055275843,-0.7609963446285054,0.09085802531543616,-0.22300354674269032,false,
8.209592695174058,-1.2309527306505321,-0.07420363989821688,-0.16077455311279887,true,
7.764370855784769,-1.6885418433561894,-0.23497819301101153,-0.16077455311279865,true,
6.997599910169884,-2.0966618627963705,-0.24734546632738308,-0.14840727979642887,true,
6.564745344096964,-2.319272782491014,-0.3321889158143905,-0.15226398984897718,false,
5.995850771543986,-2.5418837021856584,0.01,-0.03,true,
